-- DO NOT EDIT - AUTOMATICALLY GENERATED --
-- vim:ft=lua

mgr.addWorldObject( 1046554026, {
	name=[[Worldobjects/Magic-Hiding-Place]],
	px=2903.639160,
	py=3092.184814,
	pz=3304.593750,
	sx=0,
	sy=57,
	sz=0,
	type=8801,
	rot={-0.668756,0.743483,0.000000,0.000000,-0.743483,-0.668756,0.000000,0.000000,0.000000,0.000000,1.000000,0.000000,0.000000,0.000000,0.000000,1.000000},
})

mgr.addWorldObject( 1046575100, {
	name=[[Worldobjects/Kisten]],
	px=2886.748047,
	py=9.452332,
	pz=3275.438965,
	sx=0,
	sy=58,
	sz=0,
	type=8719,
	rot={0.999359,0.035862,0.000000,0.000000,-0.035468,0.988393,-0.147736,0.000000,-0.005298,0.147640,0.989027,0.000000,0.000000,0.000000,0.000000,1.000000},
})

mgr.addWorldObject( 1046641157, {
	name=[[Worldobjects/Magic-Hiding-Place]],
	px=2704.884521,
	py=2414.688721,
	pz=2629.041992,
	sx=0,
	sy=58,
	sz=0,
	type=8801,
	rot={-0.645457,0.763798,0.000000,0.000000,-0.763798,-0.645457,0.000000,0.000000,0.000000,0.000000,1.000000,0.000000,0.000000,0.000000,0.000000,1.000000},
})

mgr.addWorldObject( 1051664469, {
	name=[[Worldobjects/Magic-Hiding-Place]],
	px=2478.889893,
	py=1727.255615,
	pz=3524.810059,
	sx=1,
	sy=52,
	sz=0,
	type=8681,
	rot={0.992266,0.124212,0.000000,0.000000,-0.124212,0.992266,0.000000,0.000000,0.000000,0.000000,1.000000,0.000000,0.000000,0.000000,0.000000,1.000000},
})

mgr.addWorldObject( 1051664466, {
	name=[[Worldobjects/Magic-Hiding-Place]],
	px=1997.219727,
	py=2642.712891,
	pz=3542.914063,
	sx=1,
	sy=52,
	sz=0,
	type=8801,
	rot={-0.457927,0.889002,0.000000,0.000000,-0.889002,-0.457927,0.000000,0.000000,0.000000,0.000000,1.000000,0.000000,0.000000,0.000000,0.000000,1.000000},
})

mgr.addWorldObject( 1050371531, {
	name=[[Worldobjects/Magic-Hiding-Place]],
	px=3020.353271,
	py=708.922485,
	pz=3501.940918,
	sx=1,
	sy=53,
	sz=0,
	type=8801,
	rot={0.392145,0.919903,0.000000,0.000000,-0.919903,0.392145,0.000000,0.000000,0.000000,0.000000,1.000000,0.000000,0.000000,0.000000,0.000000,1.000000},
})

mgr.addWorldObject( 1050371521, {
	name=[[Worldobjects/Magic-Hiding-Place]],
	px=1676.649780,
	py=2108.554199,
	pz=3510.133057,
	sx=1,
	sy=53,
	sz=0,
	type=8681,
	rot={-0.622763,-0.782411,0.000000,0.000000,0.782411,-0.622763,0.000000,0.000000,0.000000,0.000000,1.000000,0.000000,0.000000,0.000000,0.000000,1.000000},
})

mgr.addWorldObject( 1051664480, {
	name=[[Worldobjects/Magic-Hiding-Place]],
	px=2408.175781,
	py=2227.720947,
	pz=3318.359863,
	sx=1,
	sy=53,
	sz=0,
	type=8681,
	rot={-0.973624,0.228205,0.000000,0.000000,-0.228205,-0.973624,0.000000,0.000000,0.000000,0.000000,1.000000,0.000000,0.000000,0.000000,0.000000,1.000000},
})

mgr.addWorldObject( 1051664474, {
	name=[[Worldobjects/Magic-Hiding-Place]],
	px=1414.529541,
	py=471.762115,
	pz=3504.106201,
	sx=1,
	sy=53,
	sz=0,
	type=8802,
	rot={-0.438755,0.898618,0.000000,0.000000,-0.898618,-0.438755,0.000000,0.000000,0.000000,0.000000,1.000000,0.000000,0.000000,0.000000,0.000000,1.000000},
})

mgr.addWorldObject( 1051666458, {
	name=[[Worldobjects/Magic-Hiding-Place]],
	px=2164.358887,
	py=1529.337036,
	pz=3514.380127,
	sx=1,
	sy=53,
	sz=0,
	type=8801,
	rot={0.460908,-0.887460,0.000000,0.000000,0.887460,0.460908,0.000000,0.000000,0.000000,0.000000,1.000000,0.000000,0.000000,0.000000,0.000000,1.000000},
})

mgr.addWorldObject( 1051666453, {
	name=[[Worldobjects/Magic-Hiding-Place]],
	px=3189.264404,
	py=1370.598022,
	pz=3513.600342,
	sx=1,
	sy=53,
	sz=0,
	type=8802,
	rot={-0.824937,0.565243,0.000000,0.000000,-0.565243,-0.824937,0.000000,0.000000,0.000000,0.000000,1.000000,0.000000,0.000000,0.000000,0.000000,1.000000},
})

mgr.addWorldObject( 1051666485, {
	name=[[Worldobjects/Magic-Hiding-Place]],
	px=2464.719482,
	py=3107.577637,
	pz=3329.479980,
	sx=1,
	sy=53,
	sz=0,
	type=8802,
	rot={0.040109,-0.999206,0.000000,0.000000,0.999206,0.040109,0.000000,0.000000,0.000000,0.000000,1.000000,0.000000,0.000000,0.000000,0.000000,1.000000},
})

mgr.addWorldObject( 1051666467, {
	name=[[Worldobjects/Magic-Hiding-Place]],
	px=2568.043457,
	py=826.774658,
	pz=3224.061279,
	sx=1,
	sy=54,
	sz=0,
	type=8801,
	rot={-0.992329,0.123712,0.000000,0.000000,-0.123712,-0.992329,0.000000,0.000000,0.000000,0.000000,1.000000,0.000000,0.000000,0.000000,0.000000,1.000000},
})

mgr.addWorldObject( 1051664535, {
	name=[[Worldobjects/Magic-Hiding-Place]],
	px=2014.260986,
	py=1173.990479,
	pz=3605.394775,
	sx=1,
	sy=54,
	sz=0,
	type=8802,
	rot={-0.074635,-0.997221,0.000000,0.000000,0.997221,-0.074635,0.000000,0.000000,0.000000,0.000000,1.000000,0.000000,0.000000,0.000000,0.000000,1.000000},
})

mgr.addWorldObject( 1051664492, {
	name=[[Worldobjects/Magic-Hiding-Place]],
	px=3115.683594,
	py=519.790710,
	pz=3028.627441,
	sx=1,
	sy=54,
	sz=0,
	type=8801,
	rot={-0.989938,0.141577,0.000000,0.000000,-0.141577,-0.989938,0.000000,0.000000,0.000000,0.000000,1.000000,0.000000,0.000000,0.000000,0.000000,1.000000},
})

mgr.addWorldObject( 1051666472, {
	name=[[Worldobjects/Magic-Hiding-Place]],
	px=1590.876953,
	py=530.010254,
	pz=3522.632568,
	sx=1,
	sy=54,
	sz=0,
	type=8801,
	rot={-0.145830,-0.989320,0.000000,0.000000,0.989320,-0.145830,0.000000,0.000000,0.000000,0.000000,1.000000,0.000000,0.000000,0.000000,0.000000,1.000000},
})

mgr.addWorldObject( 1051664533, {
	name=[[Worldobjects/Magic-Hiding-Place]],
	px=2090.385986,
	py=1387.960449,
	pz=3684.569580,
	sx=1,
	sy=54,
	sz=0,
	type=8802,
	rot={0.230735,-0.973027,0.000000,0.000000,0.973027,0.230735,0.000000,0.000000,0.000000,0.000000,1.000000,0.000000,0.000000,0.000000,0.000000,1.000000},
})

mgr.addWorldObject( 1051664518, {
	name=[[Worldobjects/Magic-Hiding-Place]],
	px=2113.556641,
	py=1551.484619,
	pz=3751.738281,
	sx=1,
	sy=54,
	sz=0,
	type=8681,
	rot={-0.979001,-0.203905,0.000000,0.000000,0.203905,-0.979001,0.000000,0.000000,0.000000,0.000000,1.000000,0.000000,0.000000,0.000000,0.000000,1.000000},
})

mgr.addWorldObject( 1048388739, {
	name=[[Worldobjects/Kisten]],
	px=1844.054932,
	py=3044.125977,
	pz=3514.461182,
	sx=1,
	sy=55,
	sz=0,
	type=8719,
	rot={1.000000,0.000000,0.000000,0.000000,0.000000,1.000000,0.000000,0.000000,0.000000,0.000000,1.000000,0.000000,0.000000,0.000000,0.000000,1.000000},
})

mgr.addWorldObject( 1050441007, {
	name=[[Addon/Worldobjects/Kisten]],
	px=2857.014893,
	py=1320.791626,
	pz=2792.081787,
	sx=1,
	sy=56,
	sz=0,
	type=12649,
	rot={1.000000,0.000000,0.000000,0.000000,0.000000,1.000000,0.000000,0.000000,0.000000,0.000000,1.000000,0.000000,0.000000,0.000000,0.000000,1.000000},
})

mgr.addWorldObject( 1046751976, {
	name=[[Worldobjects/Magic-Hiding-Place]],
	px=1114.430420,
	py=2974.140625,
	pz=3045.643555,
	sx=1,
	sy=56,
	sz=0,
	type=8801,
	rot={0.999875,-0.016050,0.000000,0.000000,0.016050,0.999875,0.000000,0.000000,0.000000,0.000000,1.000000,0.000000,0.000000,0.000000,0.000000,1.000000},
})

mgr.addWorldObject( 1050441869, {
	name=[[Worldobjects/Magic-Hiding-Place]],
	px=2327.714355,
	py=2990.435303,
	pz=2774.288818,
	sx=1,
	sy=56,
	sz=0,
	type=8802,
	rot={1.000000,0.000000,0.000000,0.000000,0.000000,1.000000,0.000000,0.000000,0.000000,0.000000,1.000000,0.000000,0.000000,0.000000,0.000000,1.000000},
})

mgr.addWorldObject( 1050441856, {
	name=[[Worldobjects/Magic-Hiding-Place]],
	px=1940.766479,
	py=1651.091187,
	pz=2817.928711,
	sx=1,
	sy=56,
	sz=0,
	type=8802,
	rot={1.000000,0.000000,0.000000,0.000000,0.000000,1.000000,0.000000,0.000000,0.000000,0.000000,1.000000,0.000000,0.000000,0.000000,0.000000,1.000000},
})

mgr.addWorldObject( 1047085998, {
	name=[[Worldobjects/Magic-Hiding-Place]],
	px=2218.264648,
	py=2097.604736,
	pz=2594.463623,
	sx=1,
	sy=57,
	sz=0,
	type=8801,
	rot={0.934272,-0.356562,0.000000,0.000000,0.356562,0.934272,0.000000,0.000000,0.000000,0.000000,1.000000,0.000000,0.000000,0.000000,0.000000,1.000000},
})

mgr.addWorldObject( 1046825892, {
	name=[[Worldobjects/Runenstein]],
	px=2042.691040,
	py=2593.084473,
	pz=2538.463135,
	sx=1,
	sy=57,
	sz=0,
	type=8766,
	rot={-0.833038,-0.553220,0.000000,0.000000,0.553220,-0.833038,0.000000,0.000000,0.000000,0.000000,1.000000,0.000000,0.000000,0.000000,0.000000,1.000000},
})

mgr.addWorldObject( 1047333517, {
	name=[[Worldobjects/Magic-Hiding-Place]],
	px=3097.116699,
	py=806.247009,
	pz=2649.000488,
	sx=1,
	sy=57,
	sz=0,
	type=8801,
	rot={0.409666,-0.912237,0.000000,0.000000,0.912237,0.409666,0.000000,0.000000,0.000000,0.000000,1.000000,0.000000,0.000000,0.000000,0.000000,1.000000},
})

mgr.addWorldObject( 1050440994, {
	name=[[Addon/Worldobjects/Kisten]],
	px=1114.417847,
	py=371.402893,
	pz=3113.570068,
	sx=1,
	sy=57,
	sz=0,
	type=12650,
	rot={1.000000,0.000000,0.000000,0.000000,0.000000,1.000000,0.000000,0.000000,0.000000,0.000000,1.000000,0.000000,0.000000,0.000000,0.000000,1.000000},
})

mgr.addWorldObject( 1051666577, {
	name=[[Worldobjects/Magic-Hiding-Place]],
	px=1361.464844,
	py=901.997498,
	pz=3109.558105,
	sx=1,
	sy=57,
	sz=0,
	type=8801,
	rot={1.000000,0.000000,0.000000,0.000000,0.000000,1.000000,0.000000,0.000000,0.000000,0.000000,1.000000,0.000000,0.000000,0.000000,0.000000,1.000000},
})

mgr.addWorldObject( 1051666573, {
	name=[[Worldobjects/Magic-Hiding-Place]],
	px=1789.422729,
	py=1241.100586,
	pz=2463.122314,
	sx=1,
	sy=58,
	sz=0,
	type=8801,
	rot={1.000000,0.000000,0.000000,0.000000,0.000000,1.000000,0.000000,0.000000,0.000000,0.000000,1.000000,0.000000,0.000000,0.000000,0.000000,1.000000},
})

mgr.addWorldObject( 1051666561, {
	name=[[Worldobjects/Magic-Hiding-Place]],
	px=381.119537,
	py=2029.075684,
	pz=2495.253174,
	sx=1,
	sy=58,
	sz=0,
	type=8801,
	rot={1.000000,0.000000,0.000000,0.000000,0.000000,1.000000,0.000000,0.000000,0.000000,0.000000,1.000000,0.000000,0.000000,0.000000,0.000000,1.000000},
})

mgr.addWorldObject( 1051666547, {
	name=[[Worldobjects/Magic-Hiding-Place]],
	px=420.803925,
	py=300.114746,
	pz=2860.850098,
	sx=1,
	sy=58,
	sz=0,
	type=8681,
	rot={1.000000,0.000000,0.000000,0.000000,0.000000,1.000000,0.000000,0.000000,0.000000,0.000000,1.000000,0.000000,0.000000,0.000000,0.000000,1.000000},
})

mgr.addWorldObject( 1051666543, {
	name=[[Worldobjects/Magic-Hiding-Place]],
	px=1204.151367,
	py=181.969727,
	pz=2573.689941,
	sx=1,
	sy=58,
	sz=0,
	type=8801,
	rot={1.000000,0.000000,0.000000,0.000000,0.000000,1.000000,0.000000,0.000000,0.000000,0.000000,1.000000,0.000000,0.000000,0.000000,0.000000,1.000000},
})

mgr.addWorldObject( 1047086035, {
	name=[[Worldobjects/Magic-Hiding-Place]],
	px=2639.199707,
	py=916.199097,
	pz=2464.178467,
	sx=1,
	sy=58,
	sz=0,
	type=8801,
	rot={0.934272,-0.356562,0.000000,0.000000,0.356562,0.934272,0.000000,0.000000,0.000000,0.000000,1.000000,0.000000,0.000000,0.000000,0.000000,1.000000},
})

mgr.addWorldObject( 1050440966, {
	name=[[Addon/Worldobjects/Kisten]],
	px=1522.315674,
	py=1834.299805,
	pz=2393.317871,
	sx=1,
	sy=58,
	sz=0,
	type=12650,
	rot={1.000000,0.000000,0.000000,0.000000,0.000000,1.000000,0.000000,0.000000,0.000000,0.000000,1.000000,0.000000,0.000000,0.000000,0.000000,1.000000},
})

mgr.addWorldObject( 1046744124, {
	name=[[Worldobjects/Kisten]],
	px=2275.925781,
	py=1045.412964,
	pz=2501.693359,
	sx=1,
	sy=58,
	sz=0,
	type=8719,
	rot={-0.826781,0.562527,0.000000,0.000000,-0.562527,-0.826781,0.000000,0.000000,0.000000,0.000000,1.000000,0.000000,0.000000,0.000000,0.000000,1.000000},
})

mgr.addWorldObject( 1046744130, {
	name=[[Worldobjects/Kisten]],
	px=2081.888184,
	py=1232.357056,
	pz=2494.960693,
	sx=1,
	sy=58,
	sz=0,
	type=8719,
	rot={-0.826781,0.562527,0.000000,0.000000,-0.562527,-0.826781,0.000000,0.000000,0.000000,0.000000,1.000000,0.000000,0.000000,0.000000,0.000000,1.000000},
})

mgr.addWorldObject( 1046641194, {
	name=[[Worldobjects/Runenstein]],
	px=1207.001831,
	py=718.554138,
	pz=2534.424805,
	sx=1,
	sy=58,
	sz=0,
	type=8765,
	rot={-0.978303,-0.207186,0.000000,0.000000,0.207186,-0.978303,0.000000,0.000000,0.000000,0.000000,1.000000,0.000000,0.000000,0.000000,0.000000,1.000000},
})

mgr.addWorldObject( 1050442411, {
	name=[[Worldobjects/Magic-Hiding-Place]],
	px=3052.837646,
	py=2092.454590,
	pz=2226.184570,
	sx=1,
	sy=60,
	sz=0,
	type=8681,
	rot={1.000000,0.000000,0.000000,0.000000,0.000000,1.000000,0.000000,0.000000,0.000000,0.000000,1.000000,0.000000,0.000000,0.000000,0.000000,1.000000},
})

mgr.addWorldObject( 1052076207, {
	name=[[Brunnen]],
	px=3142.764404,
	py=1612.294434,
	pz=2651.685791,
	sx=1,
	sy=61,
	sz=0,
	type=5067,
	rot={-0.030963,0.999522,0.000000,0.000000,-0.999522,-0.030963,0.000000,0.000000,0.000000,0.000000,1.000000,0.000000,0.000000,0.000000,0.000000,1.000000},
})

mgr.addWorldObject( 1050371550, {
	name=[[Worldobjects/Magic-Hiding-Place]],
	px=1226.743286,
	py=1370.933594,
	pz=3839.332520,
	sx=2,
	sy=52,
	sz=0,
	type=8681,
	rot={0.257512,0.966275,0.000000,0.000000,-0.966275,0.257512,0.000000,0.000000,0.000000,-0.000000,1.000000,0.000000,0.000000,0.000000,0.000000,1.000000},
})

mgr.addWorldObject( 1050371542, {
	name=[[Worldobjects/Magic-Hiding-Place]],
	px=41.332916,
	py=1961.560181,
	pz=3434.337402,
	sx=2,
	sy=52,
	sz=0,
	type=8801,
	rot={-0.570678,0.821174,0.000000,0.000000,-0.821174,-0.570678,0.000000,0.000000,0.000000,0.000000,1.000000,0.000000,0.000000,0.000000,0.000000,1.000000},
})

mgr.addWorldObject( 1051666428, {
	name=[[Worldobjects/Magic-Hiding-Place]],
	px=2770.910645,
	py=2994.858154,
	pz=4007.354980,
	sx=2,
	sy=52,
	sz=0,
	type=8801,
	rot={0.913147,-0.407655,0.000000,0.000000,0.407655,0.913147,0.000000,0.000000,0.000000,0.000000,1.000000,0.000000,0.000000,0.000000,0.000000,1.000000},
})

mgr.addWorldObject( 1051666430, {
	name=[[Worldobjects/Magic-Hiding-Place]],
	px=2904.635742,
	py=2505.030762,
	pz=4001.927979,
	sx=2,
	sy=52,
	sz=0,
	type=8802,
	rot={0.901012,0.433817,0.000000,0.000000,-0.433817,0.901012,0.000000,0.000000,0.000000,0.000000,1.000000,0.000000,0.000000,0.000000,0.000000,1.000000},
})

mgr.addWorldObject( 1051666433, {
	name=[[Worldobjects/Magic-Hiding-Place]],
	px=2595.944580,
	py=2351.548828,
	pz=4004.291748,
	sx=2,
	sy=52,
	sz=0,
	type=8681,
	rot={-0.828745,-0.559644,0.000000,0.000000,0.559644,-0.828745,0.000000,0.000000,0.000000,0.000000,1.000000,0.000000,0.000000,0.000000,0.000000,1.000000},
})

mgr.addWorldObject( 1051666438, {
	name=[[Worldobjects/Magic-Hiding-Place]],
	px=1849.268188,
	py=2076.823242,
	pz=3921.518311,
	sx=2,
	sy=52,
	sz=0,
	type=8801,
	rot={-0.403675,-0.914914,0.000000,0.000000,0.914914,-0.403675,0.000000,0.000000,0.000000,0.000000,1.000000,0.000000,0.000000,0.000000,0.000000,1.000000},
})

mgr.addWorldObject( 1051666442, {
	name=[[Worldobjects/Magic-Hiding-Place]],
	px=584.281494,
	py=1725.547241,
	pz=3728.431396,
	sx=2,
	sy=52,
	sz=0,
	type=8801,
	rot={-0.465655,0.884978,0.000000,0.000000,-0.884978,-0.465655,0.000000,0.000000,0.000000,0.000000,1.000000,0.000000,0.000000,0.000000,0.000000,1.000000},
})

mgr.addWorldObject( 1051664554, {
	name=[[Worldobjects/Magic-Hiding-Place]],
	px=75.284164,
	py=1971.640137,
	pz=3491.376221,
	sx=2,
	sy=53,
	sz=0,
	type=8802,
	rot={0.854195,-0.519973,0.000000,0.000000,0.519973,0.854195,0.000000,0.000000,0.000000,0.000000,1.000000,0.000000,0.000000,0.000000,0.000000,1.000000},
})

mgr.addWorldObject( 1051666416, {
	name=[[Worldobjects/Magic-Hiding-Place]],
	px=2381.873291,
	py=1247.328613,
	pz=4099.874512,
	sx=2,
	sy=53,
	sz=0,
	type=8801,
	rot={-0.897762,0.440504,0.000000,0.000000,-0.440504,-0.897762,0.000000,0.000000,0.000000,0.000000,1.000000,0.000000,0.000000,0.000000,0.000000,1.000000},
})

mgr.addWorldObject( 1051666407, {
	name=[[Worldobjects/Magic-Hiding-Place]],
	px=1276.371948,
	py=805.615479,
	pz=4099.908203,
	sx=2,
	sy=53,
	sz=0,
	type=8802,
	rot={-0.853654,0.520860,0.000000,0.000000,-0.520860,-0.853654,0.000000,0.000000,0.000000,0.000000,1.000000,0.000000,0.000000,0.000000,0.000000,1.000000},
})

mgr.addWorldObject( 1051666356, {
	name=[[Worldobjects/Magic-Hiding-Place]],
	px=922.901245,
	py=1873.314697,
	pz=4000.843018,
	sx=2,
	sy=53,
	sz=0,
	type=8681,
	rot={-0.098824,0.995115,0.000000,0.000000,-0.995115,-0.098824,0.000000,0.000000,0.000000,0.000000,1.000000,0.000000,0.000000,0.000000,0.000000,1.000000},
})

mgr.addWorldObject( 1050371571, {
	name=[[Worldobjects/Magic-Hiding-Place]],
	px=838.780273,
	py=3055.521240,
	pz=2996.897217,
	sx=2,
	sy=53,
	sz=0,
	type=8802,
	rot={0.591960,-0.805967,0.000000,0.000000,0.805967,0.591960,0.000000,0.000000,0.000000,0.000000,1.000000,0.000000,0.000000,0.000000,0.000000,1.000000},
})

mgr.addWorldObject( 1051654648, {
	name=[[Statue gelb]],
	px=1656.050903,
	py=1848.185303,
	pz=4105.913574,
	sx=2,
	sy=53,
	sz=0,
	type=12862,
	rot={0.937158,0.348935,0.000000,0.000000,-0.348935,0.937158,0.000000,0.000000,0.000000,0.000000,1.000000,0.000000,0.000000,0.000000,0.000000,1.000000},
})

mgr.addWorldObject( 1051654657, {
	name=[[Statue gruen]],
	px=1284.471069,
	py=1529.466187,
	pz=4094.706055,
	sx=2,
	sy=53,
	sz=0,
	type=12861,
	rot={-0.003917,1.000000,0.000000,0.000000,-1.000000,-0.003917,0.000000,0.000000,0.000000,0.000000,1.000000,0.000000,0.000000,0.000000,0.000000,1.000000},
})

mgr.addWorldObject( 1051654639, {
	name=[[Statue blau]],
	px=2168.776855,
	py=1842.385254,
	pz=4099.877930,
	sx=2,
	sy=53,
	sz=0,
	type=12860,
	rot={0.912320,-0.409495,0.000000,0.000000,0.409495,0.912320,0.000000,0.000000,-0.000000,0.000000,1.000000,0.000000,0.000000,0.000000,0.000000,1.000000},
})

mgr.addWorldObject( 1051654521, {
	name=[[Statue rot]],
	px=2431.050537,
	py=1544.223755,
	pz=4103.315918,
	sx=2,
	sy=53,
	sz=0,
	type=12859,
	rot={-0.028825,-0.999590,0.000000,0.000000,0.999590,-0.028825,0.000000,0.000000,0.000000,0.000000,1.000000,0.000000,0.000000,0.000000,0.000000,1.000000},
})

mgr.addWorldObject( 1051666400, {
	name=[[Worldobjects/Magic-Hiding-Place]],
	px=1888.459229,
	py=1868.243652,
	pz=4100.564941,
	sx=2,
	sy=53,
	sz=0,
	type=8801,
	rot={0.907657,0.419737,0.000000,0.000000,-0.419737,0.907657,0.000000,0.000000,0.000000,0.000000,1.000000,0.000000,0.000000,0.000000,0.000000,1.000000},
})

mgr.addWorldObject( 1051666352, {
	name=[[Worldobjects/Magic-Hiding-Place]],
	px=2773.435547,
	py=1891.646606,
	pz=3999.790283,
	sx=2,
	sy=53,
	sz=0,
	type=8801,
	rot={0.635300,-0.772279,0.000000,0.000000,0.772279,0.635300,0.000000,0.000000,0.000000,0.000000,1.000000,0.000000,0.000000,0.000000,0.000000,1.000000},
})

mgr.addWorldObject( 1051666422, {
	name=[[Worldobjects/Magic-Hiding-Place]],
	px=1504.135376,
	py=279.932129,
	pz=3999.788086,
	sx=2,
	sy=53,
	sz=0,
	type=8801,
	rot={0.691770,0.722132,0.000000,0.000000,-0.722132,0.691770,0.000000,0.000000,0.000000,0.000000,1.000000,0.000000,0.000000,0.000000,0.000000,1.000000},
})

mgr.addWorldObject( 1051666425, {
	name=[[Worldobjects/Magic-Hiding-Place]],
	px=2686.536865,
	py=485.701172,
	pz=4005.756592,
	sx=2,
	sy=53,
	sz=0,
	type=8802,
	rot={0.793407,0.608708,0.000000,0.000000,-0.608708,0.793407,0.000000,0.000000,0.000000,0.000000,1.000000,0.000000,0.000000,0.000000,0.000000,1.000000},
})

mgr.addWorldObject( 1050371590, {
	name=[[Worldobjects/Magic-Hiding-Place]],
	px=3096.061035,
	py=302.625580,
	pz=2347.150879,
	sx=2,
	sy=54,
	sz=0,
	type=8681,
	rot={-0.907698,-0.419624,0.000000,0.000000,0.419624,-0.907698,0.000000,0.000000,0.000000,0.000000,1.000000,0.000000,0.000000,0.000000,0.000000,1.000000},
})

mgr.addWorldObject( 1051664502, {
	name=[[Worldobjects/Magic-Hiding-Place]],
	px=1285.437378,
	py=1045.175293,
	pz=2588.905029,
	sx=2,
	sy=54,
	sz=0,
	type=8801,
	rot={-0.052200,-0.998647,0.000000,0.000000,0.998647,-0.052200,0.000000,0.000000,0.000000,0.000000,1.000000,0.000000,0.000000,0.000000,0.000000,1.000000},
})

mgr.addWorldObject( 1051664749, {
	name=[[Worldobjects/Magic-Hiding-Place]],
	px=2252.011230,
	py=2007.389526,
	pz=2536.212646,
	sx=2,
	sy=54,
	sz=0,
	type=8801,
	rot={-0.944219,-0.329351,0.000000,0.000000,0.329351,-0.944219,0.000000,0.000000,0.000000,0.000000,1.000000,0.000000,0.000000,0.000000,0.000000,1.000000},
})

mgr.addWorldObject( 1051664753, {
	name=[[Worldobjects/Magic-Hiding-Place]],
	px=472.140320,
	py=1656.530518,
	pz=2972.563965,
	sx=2,
	sy=54,
	sz=0,
	type=8801,
	rot={-0.841815,0.539785,0.000000,0.000000,-0.539785,-0.841815,0.000000,0.000000,0.000000,0.000000,1.000000,0.000000,0.000000,0.000000,0.000000,1.000000},
})

mgr.addWorldObject( 1051666499, {
	name=[[Worldobjects/Magic-Hiding-Place]],
	px=3170.043701,
	py=1790.525146,
	pz=2409.449219,
	sx=2,
	sy=54,
	sz=0,
	type=8801,
	rot={0.786691,-0.617364,0.000000,0.000000,0.617364,0.786691,0.000000,0.000000,0.000000,0.000000,1.000000,0.000000,0.000000,0.000000,0.000000,1.000000},
})

mgr.addWorldObject( 1051666501, {
	name=[[Worldobjects/Magic-Hiding-Place]],
	px=2697.283936,
	py=1194.580566,
	pz=2506.143555,
	sx=2,
	sy=54,
	sz=0,
	type=8801,
	rot={-0.258088,0.966132,0.000000,0.000000,-0.966132,-0.258088,0.000000,0.000000,0.000000,0.000000,1.000000,0.000000,0.000000,0.000000,0.000000,1.000000},
})

mgr.addWorldObject( 1051666504, {
	name=[[Worldobjects/Magic-Hiding-Place]],
	px=2469.010010,
	py=93.885368,
	pz=2596.993164,
	sx=2,
	sy=54,
	sz=0,
	type=8801,
	rot={0.949408,-0.314078,0.000000,0.000000,0.314078,0.949408,0.000000,0.000000,0.000000,0.000000,1.000000,0.000000,0.000000,0.000000,0.000000,1.000000},
})

mgr.addWorldObject( 1051662680, {
	name=[[XMAS/Worldobjects]],
	px=1815.660400,
	py=1101.959473,
	pz=2503.982178,
	sx=2,
	sy=54,
	sz=0,
	type=11721,
	rot={-0.821502,-0.570224,0.000000,0.000000,0.570224,-0.821502,0.000000,0.000000,0.000000,0.000000,1.000000,0.000000,0.000000,0.000000,0.000000,1.000000},
})

mgr.addWorldObject( 1051664511, {
	name=[[Worldobjects/Magic-Hiding-Place]],
	px=1198.697510,
	py=2626.090820,
	pz=2821.984619,
	sx=2,
	sy=54,
	sz=0,
	type=8802,
	rot={-0.955769,0.294152,0.000000,0.000000,-0.294152,-0.955769,0.000000,0.000000,0.000000,0.000000,1.000000,0.000000,0.000000,0.000000,0.000000,1.000000},
})

mgr.addWorldObject( 1054588242, {
	name=[[Ballon Teleporter]],
	px=1135.380249,
	py=1044.373413,
	pz=2619.191162,
	sx=2,
	sy=54,
	sz=0,
	type=12899,
	rot={0.607883,0.794026,0.000000,0.000000,-0.794026,0.607883,0.000000,0.000000,0.000000,-0.000000,1.000000,0.000000,0.000000,0.000000,0.000000,1.000000},
})

mgr.addWorldObject( 1050441843, {
	name=[[Worldobjects/Magic-Hiding-Place]],
	px=127.281250,
	py=2570.406494,
	pz=3140.963135,
	sx=2,
	sy=55,
	sz=0,
	type=8681,
	rot={1.000000,0.000000,0.000000,0.000000,0.000000,1.000000,0.000000,0.000000,0.000000,0.000000,1.000000,0.000000,0.000000,0.000000,0.000000,1.000000},
})

mgr.addWorldObject( 1050441023, {
	name=[[Addon/Worldobjects/Kisten]],
	px=1876.939209,
	py=2860.906982,
	pz=2866.070068,
	sx=2,
	sy=55,
	sz=0,
	type=12649,
	rot={1.000000,0.000000,0.000000,0.000000,0.000000,1.000000,0.000000,0.000000,0.000000,0.000000,1.000000,0.000000,0.000000,0.000000,0.000000,1.000000},
})

mgr.addWorldObject( 1050441033, {
	name=[[Addon/Worldobjects/Kisten]],
	px=2667.650391,
	py=3155.937012,
	pz=2915.914063,
	sx=2,
	sy=55,
	sz=0,
	type=12652,
	rot={1.000000,0.000000,0.000000,0.000000,0.000000,1.000000,0.000000,0.000000,0.000000,0.000000,1.000000,0.000000,0.000000,0.000000,0.000000,1.000000},
})

mgr.addWorldObject( 1051666590, {
	name=[[Worldobjects/Magic-Hiding-Place]],
	px=11.571777,
	py=1879.151855,
	pz=2738.406738,
	sx=2,
	sy=56,
	sz=0,
	type=8801,
	rot={1.000000,0.000000,0.000000,0.000000,0.000000,1.000000,0.000000,0.000000,0.000000,0.000000,1.000000,0.000000,0.000000,0.000000,0.000000,1.000000},
})

mgr.addWorldObject( 1050441884, {
	name=[[Worldobjects/Magic-Hiding-Place]],
	px=2132.768066,
	py=1019.399902,
	pz=2788.213867,
	sx=2,
	sy=56,
	sz=0,
	type=8802,
	rot={1.000000,0.000000,0.000000,0.000000,0.000000,1.000000,0.000000,0.000000,0.000000,0.000000,1.000000,0.000000,0.000000,0.000000,0.000000,1.000000},
})

mgr.addWorldObject( 1051666594, {
	name=[[Worldobjects/Magic-Hiding-Place]],
	px=1080.991577,
	py=1104.132813,
	pz=2783.375000,
	sx=2,
	sy=56,
	sz=0,
	type=8801,
	rot={1.000000,0.000000,0.000000,0.000000,0.000000,1.000000,0.000000,0.000000,0.000000,0.000000,1.000000,0.000000,0.000000,0.000000,0.000000,1.000000},
})

mgr.addWorldObject( 1051666599, {
	name=[[Worldobjects/Magic-Hiding-Place]],
	px=668.444214,
	py=311.824219,
	pz=2880.352051,
	sx=2,
	sy=56,
	sz=0,
	type=8801,
	rot={1.000000,0.000000,0.000000,0.000000,0.000000,1.000000,0.000000,0.000000,0.000000,0.000000,1.000000,0.000000,0.000000,0.000000,0.000000,1.000000},
})

mgr.addWorldObject( 1051666536, {
	name=[[Worldobjects/Magic-Hiding-Place]],
	px=261.639893,
	py=2441.435547,
	pz=2527.016357,
	sx=2,
	sy=57,
	sz=0,
	type=8801,
	rot={1.000000,0.000000,0.000000,0.000000,0.000000,1.000000,0.000000,0.000000,0.000000,0.000000,1.000000,0.000000,0.000000,0.000000,0.000000,1.000000},
})

mgr.addWorldObject( 1047778238, {
	name=[[Worldobjects/Magic-Hiding-Place]],
	px=1465.911133,
	py=678.333496,
	pz=2626.632813,
	sx=2,
	sy=57,
	sz=0,
	type=8801,
	rot={1.000000,0.000000,0.000000,0.000000,0.000000,1.000000,0.000000,0.000000,0.000000,0.000000,1.000000,0.000000,0.000000,0.000000,0.000000,1.000000},
})

mgr.addWorldObject( 1051666525, {
	name=[[Worldobjects/Magic-Hiding-Place]],
	px=1223.345215,
	py=1248.293457,
	pz=2317.780762,
	sx=2,
	sy=58,
	sz=0,
	type=8802,
	rot={1.000000,0.000000,0.000000,0.000000,0.000000,1.000000,0.000000,0.000000,0.000000,0.000000,1.000000,0.000000,0.000000,0.000000,0.000000,1.000000},
})

mgr.addWorldObject( 1051666529, {
	name=[[Worldobjects/Magic-Hiding-Place]],
	px=2252.494385,
	py=812.993225,
	pz=2308.957520,
	sx=2,
	sy=58,
	sz=0,
	type=8802,
	rot={1.000000,0.000000,0.000000,0.000000,0.000000,1.000000,0.000000,0.000000,0.000000,0.000000,1.000000,0.000000,0.000000,0.000000,0.000000,1.000000},
})

mgr.addWorldObject( 1051666517, {
	name=[[Worldobjects/Magic-Hiding-Place]],
	px=374.751465,
	py=2386.825195,
	pz=2151.096191,
	sx=2,
	sy=58,
	sz=0,
	type=8802,
	rot={1.000000,0.000000,0.000000,0.000000,0.000000,1.000000,0.000000,0.000000,0.000000,0.000000,1.000000,0.000000,0.000000,0.000000,0.000000,1.000000},
})

mgr.addWorldObject( 1051666511, {
	name=[[Worldobjects/Magic-Hiding-Place]],
	px=645.152893,
	py=2281.945801,
	pz=2161.533203,
	sx=2,
	sy=58,
	sz=0,
	type=8801,
	rot={1.000000,0.000000,0.000000,0.000000,0.000000,1.000000,0.000000,0.000000,0.000000,0.000000,1.000000,0.000000,0.000000,0.000000,0.000000,1.000000},
})

mgr.addWorldObject( 1051666508, {
	name=[[Worldobjects/Magic-Hiding-Place]],
	px=1876.315430,
	py=1503.714966,
	pz=2222.182129,
	sx=2,
	sy=58,
	sz=0,
	type=8801,
	rot={1.000000,0.000000,0.000000,0.000000,0.000000,1.000000,0.000000,0.000000,0.000000,0.000000,1.000000,0.000000,0.000000,0.000000,0.000000,1.000000},
})

mgr.addWorldObject( 1051666506, {
	name=[[Worldobjects/Magic-Hiding-Place]],
	px=3062.394043,
	py=1417.943604,
	pz=2182.878906,
	sx=2,
	sy=58,
	sz=0,
	type=8801,
	rot={1.000000,0.000000,0.000000,0.000000,0.000000,1.000000,0.000000,0.000000,0.000000,0.000000,1.000000,0.000000,0.000000,0.000000,0.000000,1.000000},
})

mgr.addWorldObject( 1050440918, {
	name=[[Addon/Worldobjects/Kisten]],
	px=2789.107666,
	py=3076.846680,
	pz=2144.571533,
	sx=2,
	sy=58,
	sz=0,
	type=12654,
	rot={1.000000,0.000000,0.000000,0.000000,0.000000,1.000000,0.000000,0.000000,0.000000,0.000000,1.000000,0.000000,0.000000,0.000000,0.000000,1.000000},
})

mgr.addWorldObject( 1050442037, {
	name=[[Worldobjects/Magic-Hiding-Place]],
	px=2379.889648,
	py=1216.161133,
	pz=2153.342773,
	sx=2,
	sy=59,
	sz=0,
	type=8801,
	rot={1.000000,0.000000,0.000000,0.000000,0.000000,1.000000,0.000000,0.000000,0.000000,0.000000,1.000000,0.000000,0.000000,0.000000,0.000000,1.000000},
})

mgr.addWorldObject( 1050440945, {
	name=[[Addon/Worldobjects/Kisten]],
	px=1686.054321,
	py=1587.860840,
	pz=2153.541992,
	sx=2,
	sy=59,
	sz=0,
	type=12652,
	rot={1.000000,0.000000,0.000000,0.000000,0.000000,1.000000,0.000000,0.000000,0.000000,0.000000,1.000000,0.000000,0.000000,0.000000,0.000000,1.000000},
})

mgr.addWorldObject( 1050439861, {
	name=[[Addon/Worldobjects/Kisten]],
	px=2094.870850,
	py=237.960449,
	pz=2329.945557,
	sx=2,
	sy=60,
	sz=0,
	type=12648,
	rot={1.000000,0.000000,0.000000,0.000000,0.000000,1.000000,0.000000,0.000000,0.000000,0.000000,1.000000,0.000000,0.000000,0.000000,0.000000,1.000000},
})

mgr.addWorldObject( 1050439825, {
	name=[[Addon/Worldobjects/Kisten]],
	px=2646.687988,
	py=334.097992,
	pz=2245.883301,
	sx=2,
	sy=60,
	sz=0,
	type=12649,
	rot={1.000000,0.000000,0.000000,0.000000,0.000000,1.000000,0.000000,0.000000,0.000000,0.000000,1.000000,0.000000,0.000000,0.000000,0.000000,1.000000},
})

mgr.addWorldObject( 1050439812, {
	name=[[Addon/Worldobjects/Kisten]],
	px=182.258423,
	py=1364.458984,
	pz=2345.504639,
	sx=2,
	sy=60,
	sz=0,
	type=12649,
	rot={1.000000,0.000000,0.000000,0.000000,0.000000,1.000000,0.000000,0.000000,0.000000,0.000000,1.000000,0.000000,0.000000,0.000000,0.000000,1.000000},
})

mgr.addWorldObject( 1050439798, {
	name=[[Addon/Worldobjects/Kisten]],
	px=1840.978516,
	py=3190.227783,
	pz=2323.959473,
	sx=2,
	sy=60,
	sz=0,
	type=12649,
	rot={1.000000,0.000000,0.000000,0.000000,0.000000,1.000000,0.000000,0.000000,0.000000,0.000000,1.000000,0.000000,0.000000,0.000000,0.000000,1.000000},
})

mgr.addWorldObject( 1050442380, {
	name=[[Worldobjects/Magic-Hiding-Place]],
	px=2170.920898,
	py=1126.678467,
	pz=2370.760986,
	sx=2,
	sy=60,
	sz=0,
	type=8801,
	rot={1.000000,0.000000,0.000000,0.000000,0.000000,1.000000,0.000000,0.000000,0.000000,0.000000,1.000000,0.000000,0.000000,0.000000,0.000000,1.000000},
})

mgr.addWorldObject( 1050442386, {
	name=[[Worldobjects/Magic-Hiding-Place]],
	px=1371.920654,
	py=2155.816162,
	pz=2343.038574,
	sx=2,
	sy=60,
	sz=0,
	type=8802,
	rot={1.000000,0.000000,0.000000,0.000000,0.000000,1.000000,0.000000,0.000000,0.000000,0.000000,1.000000,0.000000,0.000000,0.000000,0.000000,1.000000},
})

mgr.addWorldObject( 1050442392, {
	name=[[Worldobjects/Magic-Hiding-Place]],
	px=650.484314,
	py=2554.138184,
	pz=2280.609619,
	sx=2,
	sy=60,
	sz=0,
	type=8802,
	rot={1.000000,0.000000,0.000000,0.000000,0.000000,1.000000,0.000000,0.000000,0.000000,0.000000,1.000000,0.000000,0.000000,0.000000,0.000000,1.000000},
})

mgr.addWorldObject( 1050442517, {
	name=[[Worldobjects/Magic-Hiding-Place]],
	px=1395.903320,
	py=60.290588,
	pz=2237.405762,
	sx=2,
	sy=60,
	sz=0,
	type=8801,
	rot={1.000000,0.000000,0.000000,0.000000,0.000000,1.000000,0.000000,0.000000,0.000000,0.000000,1.000000,0.000000,0.000000,0.000000,0.000000,1.000000},
})

mgr.addWorldObject( 1050442506, {
	name=[[Worldobjects/Magic-Hiding-Place]],
	px=70.524902,
	py=851.940918,
	pz=2308.786621,
	sx=2,
	sy=60,
	sz=0,
	type=8802,
	rot={1.000000,0.000000,0.000000,0.000000,0.000000,1.000000,0.000000,0.000000,0.000000,0.000000,1.000000,0.000000,0.000000,0.000000,0.000000,1.000000},
})

mgr.addWorldObject( 1050442374, {
	name=[[Worldobjects/Magic-Hiding-Place]],
	px=2921.901855,
	py=1819.506348,
	pz=2236.999512,
	sx=2,
	sy=60,
	sz=0,
	type=8681,
	rot={1.000000,0.000000,0.000000,0.000000,0.000000,1.000000,0.000000,0.000000,0.000000,0.000000,1.000000,0.000000,0.000000,0.000000,0.000000,1.000000},
})

mgr.addWorldObject( 1049480915, {
	name=[[Worldobjects/Respawn-Stone]],
	px=1582.176636,
	py=896.036865,
	pz=2185.416748,
	sx=2,
	sy=61,
	sz=0,
	type=9639,
	rot={1.000000,0.000000,0.000000,0.000000,0.000000,1.000000,0.000000,0.000000,0.000000,0.000000,1.000000,0.000000,0.000000,0.000000,0.000000,1.000000},
})

mgr.addWorldObject( 1050442544, {
	name=[[Worldobjects/Magic-Hiding-Place]],
	px=2763.772949,
	py=2201.513428,
	pz=1800.274414,
	sx=2,
	sy=61,
	sz=0,
	type=8802,
	rot={1.000000,0.000000,0.000000,0.000000,0.000000,1.000000,0.000000,0.000000,0.000000,0.000000,1.000000,0.000000,0.000000,0.000000,0.000000,1.000000},
})

mgr.addWorldObject( 1052076421, {
	name=[[Worldobjects/Spielerkiste]],
	px=1339.883789,
	py=1004.315796,
	pz=2217.255615,
	sx=2,
	sy=61,
	sz=0,
	type=8957,
	rot={0.438474,0.898745,0.000000,0.000000,-0.883124,0.430853,0.185631,0.000000,0.166835,-0.081394,0.982620,0.000000,0.000000,0.000000,0.000000,1.000000},
})

mgr.addWorldObject( 1047097472, {
	name=[[Worldobjects/Kisten]],
	px=1558.591675,
	py=1819.982910,
	pz=2203.068848,
	sx=2,
	sy=61,
	sz=0,
	type=9111,
	rot={0.004395,-0.999995,0.000000,0.000000,0.999995,0.004395,0.000000,0.000000,0.000000,0.000000,1.000000,0.000000,0.000000,0.000000,0.000000,1.000000},
})

mgr.addWorldObject( 1050442400, {
	name=[[Worldobjects/Magic-Hiding-Place]],
	px=174.702530,
	py=279.689209,
	pz=2387.788086,
	sx=2,
	sy=61,
	sz=0,
	type=8801,
	rot={1.000000,0.000000,0.000000,0.000000,0.000000,1.000000,0.000000,0.000000,0.000000,0.000000,1.000000,0.000000,0.000000,0.000000,0.000000,1.000000},
})

mgr.addWorldObject( 1047097115, {
	name=[[Worldobjects/Kisten]],
	px=1910.642334,
	py=992.658325,
	pz=2175.881348,
	sx=2,
	sy=61,
	sz=0,
	type=9112,
	rot={-0.969185,0.246347,0.000000,0.000000,-0.246347,-0.969185,0.000000,0.000000,0.000000,0.000000,1.000000,0.000000,0.000000,0.000000,0.000000,1.000000},
})

mgr.addWorldObject( 1052001474, {
	name=[[Ballon Teleporter]],
	px=941.849915,
	py=1504.874023,
	pz=2330.630859,
	sx=2,
	sy=61,
	sz=0,
	type=12899,
	rot={0.996070,0.088582,0.000000,0.000000,-0.088582,0.996070,0.000000,0.000000,0.000000,-0.000000,1.000000,0.000000,0.000000,0.000000,0.000000,1.000000},
})

mgr.addWorldObject( 1050442186, {
	name=[[Worldobjects/Magic-Hiding-Place]],
	px=2145.674316,
	py=469.927155,
	pz=2584.948975,
	sx=2,
	sy=62,
	sz=0,
	type=8802,
	rot={1.000000,0.000000,0.000000,0.000000,0.000000,1.000000,0.000000,0.000000,0.000000,0.000000,1.000000,0.000000,0.000000,0.000000,0.000000,1.000000},
})

mgr.addWorldObject( 1000758536, {
	name=[[Weltobjekt Test]],
	px=2428.119141,
	py=2109.589844,
	pz=-17.770020,
	sx=3,
	sy=4,
	sz=0,
	type=5175,
	rot={1.000000,-0.000000,0.000000,0.000000,0.000000,1.000000,0.000000,0.000000,0.000000,0.000000,1.000000,0.000000,0.000000,0.000000,0.000000,1.000000},
})

mgr.addWorldObject( 1001381299, {
	name=[[TESTLeiche]],
	px=2539.619629,
	py=279.362061,
	pz=-0.000732,
	sx=3,
	sy=5,
	sz=0,
	type=5837,
	rot={1.000000,0.000000,0.000000,0.000000,0.000000,1.000000,0.000000,0.000000,0.000000,0.000000,1.000000,0.000000,0.000000,0.000000,0.000000,1.000000},
})

mgr.addWorldObject( 1001381171, {
	name=[[TESTKiste]],
	px=2615.887451,
	py=443.389343,
	pz=-0.000671,
	sx=3,
	sy=5,
	sz=0,
	type=5183,
	rot={1.000000,0.000000,0.000000,0.000000,0.000000,1.000000,0.000000,0.000000,0.000000,0.000000,1.000000,0.000000,0.000000,0.000000,0.000000,1.000000},
})

mgr.addWorldObject( 1001381438, {
	name=[[TESTTuer]],
	px=2785.314209,
	py=464.716858,
	pz=-0.000607,
	sx=3,
	sy=5,
	sz=0,
	type=3195,
	rot={1.000000,0.000000,0.000000,0.000000,0.000000,1.000000,0.000000,0.000000,0.000000,-0.000000,1.000000,0.000000,0.000000,0.000000,0.000000,1.000000},
})

mgr.addWorldObject( 1001727848, {
	name=[[TESTFass]],
	px=608.079590,
	py=1772.152954,
	pz=-0.000732,
	sx=3,
	sy=5,
	sz=0,
	type=6486,
	rot={-1.000000,0.000000,0.000000,0.000000,-0.000000,-1.000000,0.000000,0.000000,0.000000,0.000000,1.000000,0.000000,0.000000,0.000000,0.000000,1.000000},
})

mgr.addWorldObject( 1022982757, {
	name=[[Worldobjects/Magic-Hiding-Place]],
	px=2793.144775,
	py=2113.323975,
	pz=-70.166260,
	sx=3,
	sy=30,
	sz=0,
	type=8801,
	rot={0.742437,-0.669917,0.000000,0.000000,0.669917,0.742437,0.000000,0.000000,0.000000,0.000000,1.000000,0.000000,0.000000,0.000000,0.000000,1.000000},
})

mgr.addWorldObject( 1022982467, {
	name=[[Worldobjects/Kisten]],
	px=1912.875244,
	py=356.629639,
	pz=-70.398071,
	sx=3,
	sy=31,
	sz=0,
	type=9112,
	rot={0.011853,-0.999930,0.000000,0.000000,0.999930,0.011853,0.000000,0.000000,0.000000,0.000000,1.000000,0.000000,0.000000,0.000000,0.000000,1.000000},
})

mgr.addWorldObject( 1022982460, {
	name=[[Worldobjects/Kisten]],
	px=1341.665527,
	py=888.260864,
	pz=-70.934570,
	sx=3,
	sy=31,
	sz=0,
	type=9110,
	rot={0.011853,-0.999930,0.000000,0.000000,0.999930,0.011853,0.000000,0.000000,0.000000,0.000000,1.000000,0.000000,0.000000,0.000000,0.000000,1.000000},
})

mgr.addWorldObject( 1022982454, {
	name=[[Worldobjects/Kisten]],
	px=1644.488892,
	py=1517.395142,
	pz=-68.467896,
	sx=3,
	sy=31,
	sz=0,
	type=9111,
	rot={0.011853,-0.999930,0.000000,0.000000,0.999930,0.011853,0.000000,0.000000,0.000000,0.000000,1.000000,0.000000,0.000000,0.000000,0.000000,1.000000},
})

mgr.addWorldObject( 1022982452, {
	name=[[Worldobjects/Kisten]],
	px=1745.027954,
	py=1555.347656,
	pz=-70.435547,
	sx=3,
	sy=31,
	sz=0,
	type=9112,
	rot={0.011853,-0.999930,0.000000,0.000000,0.999930,0.011853,0.000000,0.000000,0.000000,0.000000,1.000000,0.000000,0.000000,0.000000,0.000000,1.000000},
})

mgr.addWorldObject( 1024713934, {
	name=[[Big Machine/Eingang]],
	px=1966.040649,
	py=901.204285,
	pz=-20.826477,
	sx=3,
	sy=31,
	sz=0,
	type=7126,
	rot={0.405290,0.914188,0.000000,0.000000,-0.914188,0.405290,-0.000000,0.000000,0.000000,0.000000,1.000000,0.000000,0.000000,0.000000,0.000000,1.000000},
})

mgr.addWorldObject( 1022982482, {
	name=[[Worldobjects/Kisten]],
	px=2296.141602,
	py=59.702087,
	pz=-70.419678,
	sx=3,
	sy=31,
	sz=0,
	type=9113,
	rot={0.011853,-0.999930,0.000000,0.000000,0.999930,0.011853,0.000000,0.000000,0.000000,0.000000,1.000000,0.000000,0.000000,0.000000,0.000000,1.000000},
})

mgr.addWorldObject( 1022982770, {
	name=[[Worldobjects/Magic-Hiding-Place]],
	px=1297.280518,
	py=1241.012939,
	pz=-74.637207,
	sx=3,
	sy=31,
	sz=0,
	type=8802,
	rot={0.742437,-0.669917,0.000000,0.000000,0.669917,0.742437,0.000000,0.000000,0.000000,0.000000,1.000000,0.000000,0.000000,0.000000,0.000000,1.000000},
})

mgr.addWorldObject( 1051664617, {
	name=[[Worldobjects/Magic-Hiding-Place]],
	px=1904.243530,
	py=2752.142090,
	pz=1678.337646,
	sx=3,
	sy=52,
	sz=0,
	type=8802,
	rot={0.879388,-0.476128,0.000000,0.000000,0.476128,0.879388,0.000000,0.000000,0.000000,0.000000,1.000000,0.000000,0.000000,0.000000,0.000000,1.000000},
})

mgr.addWorldObject( 1051664709, {
	name=[[Worldobjects/Magic-Hiding-Place]],
	px=3119.735840,
	py=1560.423462,
	pz=2267.493164,
	sx=3,
	sy=52,
	sz=0,
	type=8801,
	rot={0.383458,-0.923570,0.000000,0.000000,0.923570,0.383458,0.000000,0.000000,0.000000,0.000000,1.000000,0.000000,0.000000,0.000000,0.000000,1.000000},
})

mgr.addWorldObject( 1051664702, {
	name=[[Worldobjects/Magic-Hiding-Place]],
	px=2713.908447,
	py=2552.117432,
	pz=2391.687500,
	sx=3,
	sy=52,
	sz=0,
	type=8681,
	rot={0.236239,-0.971706,0.000000,0.000000,0.971706,0.236239,0.000000,0.000000,0.000000,0.000000,1.000000,0.000000,0.000000,0.000000,0.000000,1.000000},
})

mgr.addWorldObject( 1050442138, {
	name=[[Addon/Worldobjects/Kisten]],
	px=2718.479736,
	py=2726.107178,
	pz=2391.712891,
	sx=3,
	sy=52,
	sz=0,
	type=12656,
	rot={1.000000,0.000000,0.000000,0.000000,0.000000,1.000000,0.000000,0.000000,0.000000,0.000000,1.000000,0.000000,0.000000,0.000000,0.000000,1.000000},
})

mgr.addWorldObject( 1050371626, {
	name=[[Worldobjects/Magic-Hiding-Place]],
